song_id,artist_id
630594552,464
451953022,11641995
1113719972,162540
94438296,4049689
645326432,1191615
666903032,5569112
2575052,6057
11288971,9397
682600172,160733
1219050562,11506617
384759911,12901835
812497192,4390053
1121212882,68221232
562487,160
378114211,1191615
413501902,4835451
4097332,2025
103032408,447298
686020062,10583405
15742367,436
1022184912,156726
3868474,6147
1095802182,7805012
3276708,1798
682608642,1219587
661573222,7327640
742529452,10919522
714113452,12896823
677232,92
952900912,5497121
731783532,7627172
2496601,9123
2279352,2792
2794416,2961
583114552,10052642
141822951,4999707
7045619,4792
545793672,74831
439939242,256922
902673682,10286020
470700372,4397349
561598122,99345
505633342,286389
822055582,8883070
526885832,4390053
2503284,3128
884923942,1374600
1100764912,53156422
748517162,1160382
1643032,115959
92720006,115
4677572,4699
144398550,4789436
75574202,161909
542985862,57613772
576851242,8909272
366455951,868
14635513,1725
14952170,370898
71590750,6
1102187892,767387
739421512,1424821
1001092862,9386320
1071071842,54941402
91018321,4938
119305798,9857002
384164731,5951728
602456552,7543848
71828723,338
497537152,7511588
563752662,4269318
1169192772,1429841
110956534,296861
13212285,1002
857338042,89657
15401790,16016
1016968502,14456487
39496421,204007
95654712,363102
561756292,5292512
3211342,2276
3496870,2320
349748891,54048442
142832892,380955
657085202,52876842
948011072,4023522
1236561122,5817516
714189272,67304552
1152827552,292949
564117412,7150049
13791935,415
2505668,166
69959542,1626
580936,595
93113990,7322522
929500072,8650570
14836166,510086
115744994,805
3166602,596
394294612,5622072
543139482,13704
122019242,71513
70403437,4448485
579893372,416239
763124262,61474832
16790746,452964
121715378,5304
717723342,4104927
912532812,7042927
935601702,495889
701934102,647800
76687530,873963
3317675,16230
647664382,6749039
1242856682,88733572
530231361,4999707
975321512,463067
671559442,9930130
1009464842,99557612
667640812,164818
862596392,6311
1038758492,1702209
1118327962,14621667
1017609192,82264
615067672,15014373
555960122,5837720
837826262,386709
98237584,197711
978387002,1074021
739421462,1424821
1155579082,12487862
123220342,315082
133584954,8657430
101295382,3150221
71587199,135957
814896532,50415902
698843302,11971
714554,14044
121105770,244332
1179560932,116776302
2315680,66
977709002,84292982
70106520,4050205
4833729,9662
493155482,14951687
1200471622,54330242
618159442,12208250
1067076,2729
135641836,3062
379609971,4794265
724908832,13499081
903698352,4860761
482681672,74463
530594631,405011
648136822,5817388
983545552,9945222
140869465,4101559
601314952,55514812
968871382,73133
136331756,3520
953010752,4611283
117640922,1048985
10253276,71991
2553265,145
1225896992,1035779
69838319,4494097
978423392,12422192
556687212,7894558
653759792,7185748
916445,13
1096943792,16989
62119135,75001
14193963,243284
749846,2890
102162166,1624705
123366140,339209
1109585812,82239742
1170050002,85082932
1083804662,308440
120216310,4944289
532944592,13421075
605647602,1630
623719292,1701297
825246452,242123
1028498502,563882
1305667,1342
65626231,1560
4254555,13666
3156221,966
1018084562,12896823
648777902,61554532
113941554,4539853
675287572,7327640
63510362,416239
590781,55596
885027552,7660734
618928122,412332
67450375,149182
74249000,3311
128455985,9844212
903701542,63519802
812457492,1440
1162771122,115379622
1005915462,48983061
1044791832,9064930
3538904,4939
1050306812,246791
1014186952,436733
898322262,304545
728781162,4114040
546004,69613
1012504022,5297021
1194927912,59007352
75212653,1765
1094253662,85073122
1206297902,14548835
13129211,259
764614632,3881631
744440552,1801
1005887802,80414772
402865142,89657
853219452,4448630
6048740,160
2603558,75491
138780397,16937
3232936,86548
76991389,1220976
13304266,1401721
408469742,5620251
1087731,8708
1229981142,9884966
1182975482,183727
1182328292,5278078
1197046402,7846452
851340792,56054932
13459071,412
1234531062,3520
62978141,170482
615646952,4108232
889804982,10936002
139876239,1062
819236912,13923487
684037542,1432318
821375822,10416884
1119026272,63734
954970,110592
18111928,810
1146316,4113
677219,92
1108069562,50552412
144949268,7101343
71246606,3881631
122452864,973
395899772,315082
1126097592,111838002
420850862,10583405
424783092,8691
82265248,276
574605042,304545
826347632,13589659
1057674452,4495513
782662182,56741282
449119782,5417614
567325,35
1226753152,331334
1200013332,58568762
598211832,9068122
62724015,429675
4764905,280627
12206946,412
630594512,464
1103264652,5251827
15390370,244675
1133880232,319148
943927882,121584
1073020642,96861692
884025,180
1196744612,4963529
407592552,12898749
1156057172,114758502
603830132,14226477
1060686552,75491
684231572,12105542
4813808,4140434
739425532,243761
1221309792,8405214
11238117,2554
1575389,254
3155488,412
750652972,7208392
811667422,64578
511875662,4492087
15408620,160
1161009852,12526056
65327299,4508277
4682274,315031
658146832,5196
1205106282,7365500
1228922632,256681
928446292,12173602
549330482,14567
2264738,1020109
1111752562,13534745
943685872,92892662
913790762,1106272
984100,2851
78106687,432247
1110659422,10505453
575885302,5848618
509613592,14493
665397422,7704646
876196932,288166
1110063432,110264442
127676539,176977
451648352,8156852
60747032,2179
636357862,51907152
1178599842,82264
1132126702,112413882
727924692,59070642
144388354,3029951
828328512,15326
1095812312,4022422
1048570,69735
72314411,363176
145424772,392230
137727491,13576
126368137,5340439
1196780842,1971601
572761302,1646315
81670582,454444
1785727,16238
128945722,6815
362722541,162540
903253532,88341442
1024105342,4751770
754164092,168126
924652282,61474832
570755172,13257881
65036987,4489294
54492111,3400461
3155093,931
553571922,752
616706812,5170174
922924182,8719870
1169603672,50633822
1136301352,2848
647236792,61362082
15517376,13408
83151634,1380
1088352972,1352
70466228,415
96818170,4768753
2151348,761
96167984,1414528
851869972,5382747
506373852,985154
79621452,2162
505513002,11142002
10958802,2096
1079157612,1589841
730674192,253980
3132734,1033
127550633,2162
553801632,267
128521461,5025
608410192,10583405
661124042,1622509
133517142,1002485
7117058,12109
66316729,190362
1057017922,5815787
2527283,152180
7675133,1319
1179774102,1191615
13350343,74478
118340614,5072859
691125112,1412564
1201228832,524448
900556242,10426250
2523559,3044
130273118,3452
1100957962,12674651
1097723552,66228482
1162967572,13962203
2649330,8715
141775043,11901383
23763801,356932
12191416,305446
1137703372,8909272
397404482,1215909
1203789322,3638541
1091006162,345055
444927472,4252576
739438612,12422192
109593646,6292626
1171713122,2272071
676934,92
608444262,67443
655095982,9635624
137275222,16072
129672726,71513
16613008,147350
1089171482,9767608
75474935,460250
107832286,8910686
93995638,8321
682078172,368
853219422,4448630
1094377132,9166394
1099627532,8823878
479801712,5542343
722595,2945
72114484,6815
132929042,5542343
1115337752,5250480
704714382,1018354
136336116,429675
13651710,384236
731498882,554792
7375558,1020109
134945408,873890
1106217502,107316192
587160,148416
1111752802,4611283
633093182,10592069
387610241,11420468
2487700,1060
1087667882,434
1137873092,51964712
5960435,379557
15391618,483
1127756052,62777772
1130926172,8793
395728132,566
786778,4011
1107546732,12170972
1196798062,256681
411130492,12406950
432957992,5462679
1049856442,4338602
15425493,75156
1401559,101769
876213772,50875182
1171387022,259729
516479922,1381339
498293412,3705
1137703352,8909272
394503992,2667
46473141,1034819
1056572532,71093832
938976472,7068771
1095137892,11559031
3599709,705
76895778,5638523
952689692,12142
1030607602,202
1082526322,90159532
99496236,1563470
1030542972,1420
595074062,13204
554090052,15152493
829018512,4841158
1090120092,2331311
6416115,7018
763124462,61474832
893595152,64579
137727929,313
686188172,9206710
852124522,7402526
1033671912,123503
422617012,8650
68908956,685
63282069,4332416
967669532,13312017
1171527,5929
137199456,16275
681898432,12992573
730096772,4051519
7591674,352219
130445290,64579
405803912,9459466
1198693322,352336
3960801,2731
818815932,10803948
908604612,4050205
16668499,459578
90972855,14001
1215660372,9845706
554703,102
1225307892,144446
820733992,162665
1056313652,10580067
83141826,534
605378172,12435342
950767082,4319377
537433822,49710192
600107952,1191615
896643512,4876653
723000812,362326
847637172,292185
880815062,62312932
1094939552,428675
2606234,622
734563122,1362735
790937,11907
1062115492,4959736
528819051,2397
106506514,4050205
627421182,230
98086362,985109
832734,1222
66275202,186930
3863099,6123
134982070,482
983250,633
628312662,1232997
3289350,750
1111873272,1597464
934723382,91757752
1226800772,1351022
767583072,4495513
33207701,13561
667051362,6081632
1093313332,8706544
1107320242,2005781
1122999522,12874
354918011,9197980
1006151452,7068771
601900832,228
625660042,5061092
1140787682,4322111
645682362,9334770
1068783642,12526056
81263830,4539853
872538312,433730
1225473152,12308342
438383862,402
420827872,3469
708734632,459
607166182,534771
4603411,259
136806222,5947658
1069004042,61892792
13290424,451815
914897052,15050015
453205272,89657
532759592,1572753
1117315972,110952922
917611292,11884111
1093330202,15029771
405397352,6982223
116944214,1113629
447442602,5631524
1097366392,10803980
139691451,10189104
4185674,133
1173367512,1342
1197592562,542
699805592,311820
83923357,524448
1089479842,4803754
842200572,50385212
564955,70300
638665,69171
840362442,464904
1220391502,308590
753387942,10385666
1122450992,10583405
109843292,177
3164129,132433
511053892,1188
846699,535
562774642,647650
14597806,186
101764799,1412564
953602,6603
1114768942,4419187
757592732,10620
812261592,98213
591330932,1648605
468390352,5870438
79022595,4390053
1196739062,6032634
1180071292,1324992
1015907322,65303292
10290953,632926
14525086,3098
3456566,3251
3106505,892
606997632,9539088
688443152,4068
962171992,1058783
1062639092,12837889
1120361182,8706544
996167382,57195632
132560836,71264332
1129583772,4611283
15099639,66388
1054212762,12956877
378395461,1346116
89397253,6173760
807552652,5895828
933137952,78935
1123836962,54330242
640575852,7822654
903771442,50633812
773430832,1723081
960695062,47
1143976622,66371002
55861991,303837
704072222,9143
637341882,96939602
114363310,67672
928871132,5078097
841310312,1562681
951557772,104154
1060127832,7068771
1164868222,8821490
946545682,350678
951371292,6032634
886420012,1520407
916412,13
1008443652,6358380
653550052,6701127
119843620,17262
970942952,5569112
1190847582,49868042
1163248072,98513552
2265596,1796
89735915,545
441710382,58585
2281066,718
15418551,10226
1033696952,12350516
1054645682,103103
952040182,13523
858008,927
502755402,3198
1007250992,388973
585378692,6623074
16645498,403601
799496602,9721642
889550882,10583405
100928262,97242
1063957682,6982223
822692642,11242224
142028947,14117275
59123751,3933641
5847914,1222
471474302,9775042
3120272,1454
924804312,4585702
85495804,5461960
6269384,161947
2476393,4419
1148585682,6043160
70322132,1182
5221339,346824
81111410,2890
410053342,10286020
134817046,64345
3527318,3537
1137582072,86901372
79051391,881767
755831402,58624
684441642,11573699
1225012852,121611582
1130771742,51204222
59509561,259
696079552,67579582
1019925012,864
142820632,881751
651880942,5234992
114313210,1191615
3310797,241206
97541516,276228
1086722842,5835993
17360732,290
15475926,45
144540580,4771546
912486,163
1107946882,5942214
37734411,92
1182147722,102292742
1080617062,288166
429919012,16124
102508076,4337
1194496112,463886
699056232,15166511
81363212,2792
3731928,3111
608710042,49111721
17199762,80747
13935410,2047421
135063712,9662
6301712,16445
516396132,9956746
63480988,169
1063535222,794505
1142359,8713
1197021742,116431
441178822,9635624
546232082,185131
135438964,71513
509616172,92773
136664678,10602761
823093242,1191615
1165899,400004
13132639,566
13623340,74309
80606366,15055
141154243,7860808
132715130,599
92720160,115
63945746,5189
1173715872,11711835
540741032,381419
679209382,3881631
2293797,719
57631781,1028626
13304596,298143
1162967532,13962203
623714082,4973893
128706951,4746199
36582001,574
955473352,390
551404632,4611283
732890,204
12835407,8347
685828482,14691
88252935,1181430
1159055442,92734422
579894432,1176900
497274152,13839
6614214,844
513879192,10218968
4727552,318164
827408602,57448112
1046116942,559229
709727082,555816
926719352,49914012
136334560,129
6080021,133049
1097130172,58559502
922924282,8719870
1064023912,105411412
1108716692,13286961
1576190,1642
1036376672,198017
93868962,308253
1117687692,4185
70403748,415
916224692,12717391
810074722,13878655
1140484252,9635624
613726902,304545
933994592,6070054
744245832,103395612
753263992,7836264
2647589,157028
1228922622,256681
841674392,4369310
1010649952,5316126
1580094,452073
591097702,1679838
1136301432,2848
678687242,464
1063651612,5607565
1109730,13
1021141692,542
1134156302,7814240
737937062,17262
6599449,1445
1017825812,4768753
405397102,6982223
130440684,64579
539697942,1541592
4311598,566
611214672,55514812
6715847,406
1181018592,7885666
1131258682,112296752
1110984,1634
71821600,4340
1238594252,499538
140421809,15691
84791559,1129
346967941,6243
888380392,6639758
1062439772,508566
695870852,5610461
122273418,6920971
4254482,6118
1003979462,4338602
517008432,4075160
1056401572,13755123
63034985,1352097
4209323,159051
141382865,7355980
357495391,4794264
122000664,4694728
532732742,7150049
5183461,13379
356110561,1264687
139124693,4542822
362191271,373844
761653142,794548
902505362,5503286
3599740,705
66536840,5377895
350015271,1032617
543906582,5078097
1213257742,15794
89239759,1415
1198248132,14240131
143909208,382937
61087145,1383
1137873152,51964712
820733922,162665
739870792,59070642
947198692,61942382
1016736512,5503925
1066959132,5412407
833266732,762
928303172,392162
144144652,10640291
68976286,193331
801752202,64112062
98958710,6377
875974242,4999707
99976952,647650
751219522,5025
349897991,4913080
649272192,61620472
1130307782,74140122
540497112,5297266
104576308,4768525
86326995,6721461
1157007372,12462878
75834066,160
433086252,115
107992316,188053
1121925562,1765
669527172,4512754
660096552,1202
780611282,5285933
597086922,5632280
88936743,12178
4209315,159051
90428583,145
1215128702,4949713
71188222,1689557
72544835,11971
1087787222,5078097
1157018092,26
441137632,400934
1101343732,8121175
570293892,7701530
770756312,8863666
6305086,2636
820733972,162665
1110730122,469683
452697632,661247
545551742,48634472
1048898,47
374051741,1384338
845209962,4868195
5429931,145
893597642,4115
1214109262,64578
477402962,863731
143040298,493
1157007142,26
15347259,808
828226962,13287593
781224562,242156
66374234,290
4286317,1490517
420902382,102
1121729702,5542343
3094884,957
1104789462,109747542
132929050,5542343
948008952,13015249
3130309,810
900323622,57966292
355121681,5278
59127751,1617
677414352,7068771
1213601362,14491939
3509463,70767
6473603,5019
770318982,4021955
536421092,4495513
139855105,11558989
38934641,1188
121635132,418
2440013,546
125333404,198
76376876,180
963620012,14530
758940042,262271
714210042,7961888
418695402,11167
402933002,5542343
757976302,11933635
1100416582,7068753
78504132,283762
804589,404
86648035,719
457602432,69627
791449152,15691
1152961112,68221232
131068162,1440703
985815192,10138540
114916890,5804546
1126570082,14388393
1192055062,64667192
848981822,71093832
668189572,6482
915760352,4841286
932661672,11363014
102683808,15810
5652664,196
906710352,288166
452065652,156229
889731462,5594859
698260,2580
870181772,12422192
975680682,13790723
990476822,77319382
1126047002,1562681
14193956,174351
768510262,59114672
398292762,1353625
98889210,751
1144452062,10672471
406307792,6545727
2331130,70
682799032,5967050
885623462,898748
407339992,6982223
406047952,1528757
757976272,11933635
864867192,4863913
869548,629
1213310102,120410902
140295501,4999707
1227011412,4190423
1094846232,4677655
1211520442,114472782
1174144532,10806366
1024619452,1007876
63510358,416239
125140890,8675
626837582,9734516
13305149,7691
823567812,9236850
643602702,10731052
13207310,4096
101764805,1412564
97339348,3542201
696959072,5791247
585156282,1037578
622552262,1479842
3821992,4123
861868462,3638541
664450,169
546875572,1042268
121335728,152596
1005782512,5923373
783257012,1519461
141750107,403781
95523132,10583
1097846402,1644275
905385102,11091534
3416951,242996
858318272,6545727
74529519,5135
2303727,5229
1033754342,10286020
1068206512,52221842
884768732,5832280
1201837132,13534745
940998892,49873922
905862172,4768753
125600952,162665
805423672,13816509
652578862,280640
92734438,13204
581262782,55032
1182496932,13
1178567,3328
420782152,152369
604846,938
35748491,84054
33886201,2064061
504056042,416239
438868572,416239
522622292,158083
1117853812,12744479
1230448342,171998
1224275432,11425822
7193834,226
421856072,1533492
546449692,5623149
1075622012,79408532
373795661,5621293
1095899502,92319522
985339792,14468689
1002207512,14310515
1060194532,60466742
736266392,3651
732521682,52876842
1045921252,6975181
2268154,3280
108851692,8589576
964706072,4842061
4706803,799
992412032,13816509
13529565,564
12655264,4115
62874022,873890
934402832,73655602
865463452,4428188
66544609,3558071
72745707,5124454
956235422,482758
728047112,71357712
23669671,321803
821440502,14544241
131210820,7933
74229487,4156622
959360,428
2431234,5615
69879305,75491
12090660,1332260
61488881,250283
2417394,12449624
1226319372,14802869
1081091072,5055556
699060032,8876546
142147831,1572322
829306232,4452092
64478009,297983
578715472,4968870
953339,4663
1076556192,11888005
564412942,10806366
67024902,146195
578403062,100675
650970052,9487614
1140354372,15030653
1228922552,256681
71607569,13
387224061,1429841
767306082,4056804
1210999572,7068771
823113702,2245
1174605142,75798
870742872,8865120
23764281,112104
737940802,1479842
1137683972,53345732
1107415362,1465570
60946207,705
1016183752,83381232
14875480,598
130412300,230
134706074,1163
621314532,13645509
979818692,65949852
914108092,1658572
668183372,69925
812160402,892
4113509,1459493
13210544,13026
1148246352,67823982
2503274,3128
754955002,51345612
3120612,284
564412932,10806366
108624716,5288900
708025,289905
575981182,12564416
2285059,1017
96168762,16318
1156987722,1450
687255052,5093258
1114793212,14621667
140758179,1092645
783256942,1519461
853219522,4448630
76056708,4914620
497467122,10002824
771486532,5175734
63148690,9882
65707342,3048
77544320,1263400
1018572422,3126151
730866,687
135010096,10452069
417358252,1159
137275212,16072
701281342,4768753
1203043632,148492
628275882,542
13344821,315576
4736314,5101
95683306,292
909246312,11618833
830336922,5313805
137260126,1412564
61142297,12178
60702320,1315394
420355352,292185
1074607812,9761322
631827552,5501870
673111072,10017
101764797,1412564
781409342,1541592
69879252,310260
1200234942,119201622
370201251,1315147
420264672,116431
98981566,835
115449962,80390
862051992,8706544
1134362272,13534745
450365082,1670355
842162242,51968592
950377452,11583679
565311752,4272
1053143462,15219
1057395312,1538640
1059252992,8847716
797349232,262833
665844792,5918943
1178339902,11548143
1166362762,16398
110153466,4393023
971393502,62607362
820681332,5653273
140640903,4488457
1090178592,56464392
647930752,11903115
1185797132,61343932
1030654822,249599
1076649222,50872092
127376745,10600841
1179774092,1191615
391727202,7890702
119519234,663
1123844,2056
530695381,256080
591097732,1679838
770334302,51464362
10537191,84873
540138322,34
138546003,75798
1004239962,67913622
786717662,13024235
83756376,1462230
1101865132,10633657
3616531,6326
97849836,6735039
127729757,1576343
441200532,4341930
605635722,17032
921932832,1353625
729596502,323311
2438245,116
142393535,1497
97094250,74787
127233945,5018355
1151063162,47
986263922,985109
584298192,2655
1151750722,74463
683171472,4643939
686354142,17076
3748159,3771
1063626122,89192
1188873532,4254086
41294461,15853
708702172,4986771
7667062,230
1214854532,1702206
362795841,7099473
1060347352,1042241
565216022,14473001
1031630522,11474676
852311872,49569672
710629652,146733
883273442,85928092
515509302,432022
510409192,4105259
84246501,1407587
396128802,5049073
529919581,5181388
1062843232,4902872
1122063862,441633
446515712,1116537
1163165882,51100072
61793545,104
728629302,1493569
543131582,4877074
821952522,5500771
396116542,11787877
123722066,4986093
14477354,808
1025944382,58447102
95254404,246791
4688887,1144
950244112,11481726
1181977562,13220151
354267341,1657110
3821880,3019
948010962,4089983
937416142,8945638
757976252,11933635
1973049,2943
96356636,230
13100386,2708
409963622,99
140869471,4101559
661475432,515781
594724702,4448630
833338762,11278200
104305904,14000
1159612802,115096692
66506870,296861
1100603812,5561005
6493789,479
113105084,5287882
628990382,10600841
3092236,898
354967461,4081
641271522,9281246
559580082,244484
767232812,1519461
14461650,149292
101344626,7674918
98356894,1562681
1036586,216
774198072,144227
1162056112,1074021
702551872,102
137811203,2544561
398055682,9822974
834605542,4448630
1130197812,4553724
1109565492,65459982
428540342,7674918
559490282,12604907
536485,69627
7886697,1024639
1330408,3786
1171873,459
15627649,7
14552280,198
1004222072,65860082
571875392,11072136
700155152,11933635
682624992,5553745
1205436812,163995
1060920522,455796
1204630582,4448284
862386172,10052642
819106292,4456845
660248102,1519461
126092539,1590752
72544952,1007876
107740668,1225
1075897152,74444
68031605,994019
1146217122,61145262
546042902,10090776
654284672,192435
652283932,10834900
423262752,16878
407285772,12193796
103887700,64571
1174407392,5045020
595926172,11347866
1189715382,9830972
932350062,14789699
4123702,1278
415915122,3839
1060014212,13134201
13175864,3087
4113617,1459493
657797522,10803980
1079905512,1429841
1181178812,49557342
139460499,2472
1224855072,1279511
132227838,1402487
1101214,67
922912232,13870619
1109450282,110192372
809833752,8937
136334564,129
473745402,6032634
73065623,820360
74684379,69680
616626332,2249
7358665,4613
486928932,9635624
129634298,457763
99976964,647650
430340312,7068753
1106782312,15271955
15614987,45
1218868072,9711618
3502273,5678
991348192,2691
137911999,310557
421388682,13658
829596292,69696
660729202,1562875
1122152332,96860302
797228462,5578942
573493042,1295073
2447523,105
811501542,50633822
723939392,272579
920314052,8629022
771268782,13552757
922916162,4842061
5093782,1168
501029282,1361029
570313752,172008
3135336,15
860975572,84227692
1228922522,256681
1053390752,434
569531442,1541592
878192692,6573849
623982142,12198466
15543108,144342
515603452,810241
633842522,308253
855687392,9093938
98356884,5947658
759112662,74464352
1205114462,10725097
413665602,4512791
1147798372,11301722
717285742,12029862
422334752,158710
592267922,106574
686651972,73396
1198693182,352336
882277322,4876653
1228217352,162665
74807938,1593024
411851492,11317376
1020430472,71286
988633402,1039
700706182,5068032
4164363,8734
110663020,542
92731198,282118
1033470562,4852835
145471602,762
1175338422,5508044
377242051,1309
725828642,71095102
1171713032,2272071
13142224,10014
774810572,4509
613138092,1097709
1027865572,63519802
3135726,1029
1033358812,7068771
16235461,6706
2838140,893
926558542,8145492
822647262,725
1081465832,5068032
11134491,123949
1200359872,147
1097387752,99113722
102345206,263731
975346272,11420468
767373272,1541592
1172398552,82631892
376439101,102794
587803152,373974
656728072,5472150
441137192,1520407
136336118,429675
66190264,145
608163392,10147346
1173679742,1539961
826866242,109903
65823405,4037109
1008261582,534771
1127860912,85875352
70540782,469735
755330622,7402526
691346572,1460107
2541568,744
680245802,5230088
3437460,388
136342430,6815
553056592,542
532968202,5947658
819562242,860
1141731742,47
823201692,51455902
84760857,6557571
664107,3106
4116951,9315
96003650,67062
739426562,2691
17826508,1002521
1175044562,269934
123377244,581876
700950162,4842061
119079358,1674328
1217605962,75147
1077321592,7810466
3065102,2908
412547962,5078097
60807581,463
1083898582,70614462
144418352,490454
109374162,1558
435828572,875078
1034235482,57203182
76176345,1388
1075713172,14058915
107744180,7004075
137233982,882
621351672,1090283
422283312,5497121
1026607532,12632197
861908472,11551535
674086352,64729062
497404582,1668928
4827552,282424
1120820852,5832280
631714,2731
75867418,1191615
2304525,66
1121729672,5542343
856481562,3120261
670159392,2153
373693381,7775150
1179774162,1191615
1083783072,15198475
14552205,980
661424392,5832280
557253482,13958441
15608663,330
141062873,4436016
568846222,8706544
1091700472,242704
105555590,1534419
572806362,1221442
3112722,7187
1155477882,10583405
960547152,309916
485095352,14598737
111726444,1438374
2925107,964
1120820832,5832280
686417432,13225825
68683040,283643
1116901602,11819873
418886682,13376535
390914891,4740968
14662676,8548
362466491,5160021
577344542,152107
908338122,12994625
1053342462,8344528
76376889,180
562764402,9851798
72760027,714
838514792,69014782
796342592,5297021
1220365592,83800932
802283032,67244002
9956063,11
1028143732,614223
1203779012,156726
3417369,271530
1119654932,14612775
691864112,53345732
1084245712,4803754
10237962,3187
919483832,16893
823053942,10184856
63135948,13545
1208878932,470802
84310971,4087782
79363293,1424821
99360002,446
602549062,1611773
77959090,5286383
4707007,75608
528886101,6120
658665752,60892482
561857052,4950687
1074074172,1541592
681409182,1572028
657894372,9355294
1044263392,2607221
769757652,1403694
487781142,1562638
453616842,327559
849901872,9032
1199552662,4494623
137727279,10985534
1033112652,397403
949402682,1444643
82917998,1035806
69090636,418432
556012002,12831975
896992062,5895828
850779682,577418
1045152,77770
901207942,8392326
918094792,12619545
680518,182
78213551,259
61445243,361646
64633501,2699111
23719051,451218
666265402,8775392
990604232,1020109
71348374,1236524
14405162,10041
1156006862,373844
1104586552,5550214
759831102,379186
1208940642,5382747
912526042,11033960
1117722242,261965
650269792,145394
649105162,3237161
17914667,887535
70835066,617
75749476,391228
120302090,6005
78607959,6433
402829542,5975270
522622402,158083
392585542,148129
66899933,1025060
516941842,9197980
1151063382,47
13507381,86688
15723863,846
76278153,13774
837526842,604107
416354262,95676
103756700,13995
978431472,14265471
403074632,9761322
46300831,4675
1220953242,1401950
129916032,7101343
769511082,4902872
980264672,12383494
1102672222,3933641
639505082,2211
1570227,2226
141336371,373844
422212412,8853864
98320702,1670355
7856452,7870
74245849,1423
1087609152,167560
122016704,1563138
649771262,2382
127504989,10602563
388525511,651061
876800242,392162
545992732,2039
657800992,307151
1014909,2129
112663782,83110
71844509,75001
861358672,98234
1078851,980
1082251202,67450512
1060982162,59068912
656027552,554792
1197518802,118866092
108774460,776635
1101874762,13011
9919786,3566
513516372,1956
89572411,1001
133098622,8814864
355740821,329039
83753452,5547189
1121212852,68221232
1109731,13
1179250342,2735
384707171,496181
886744282,55514812
861868402,3638541
1015198102,61474832
619977312,83
1017011812,6696597
2036977,6749
417673262,4794264
1219011682,5053937
129508620,3431421
457447102,1159581
866695022,12816283
893383102,3649631
872360652,193766
912599082,50574642
831313,259
986396462,1020109
79795680,637
1045549862,534771
104458036,1385868
643439802,280550
85504210,1606315
923648042,160695
427253282,4103977
75197447,9112
118986142,3469
1090812122,13097199
709627962,307151
6461440,13
136474308,15588
1097846292,1644275
7408958,2110
103214992,413596
1132335212,112433972
748795572,5337790
1195800682,5148646
882656302,74001032
106506530,4050205
476218532,4390053
562886212,294464
3657796,3659
811163122,13534745
1208502922,11420468
1097384432,6853403
1208946342,5576810
537474512,11934257
405387662,6982223
81760060,135186
96484792,4960230
769398752,13670585
59329081,3325
698747242,1412564
82692320,692
906270862,4476139
371593461,181878
880949,176
1139718972,8403120
435491462,12246
908604632,4050205
11108204,255688
135949722,388973
655130092,50161102
1156006942,373844
751219502,5025
7077249,283006
783257092,1519461
1055602202,107673
58409801,4298407
65232770,64333
134036248,186
964226972,3583591
1033697982,4521785
549506662,5941718
1134789742,5895828
1231658212,11448440
65685297,1461422
89629711,59
834756752,4599
655095912,9635624
105989822,13
605062,938
926340752,647650
407202172,262833
998867692,8403196
1121729782,5542343
895540702,13387589
559764242,16450
501512382,1360647
85229376,341839
717740522,8310400
957933512,5424025
5363321,11211
5961717,9222
1046733722,1264078
578729682,56333
775787602,5525551
428812802,1260841
1053694522,13515845
585584962,931
993139492,12526056
831310182,4390053
26624921,293767
1072867672,51508182
1065099282,4937383
1179774032,1191615
4682968,3543
701748632,1429841
650470492,52408262
516048412,5019750
120587840,7606782
1113358322,5500771
60725661,637
698747292,1412564
77797377,61515
1104580,163
15421184,13124
655095992,9635624
845897702,150457
1046369812,15104399
5979887,280294
798168402,364207
61246091,6207
1166362712,16398
1064964782,53027212
555652702,4892896
1082456042,6263
13789090,259467
1568529,74418
741757222,14492701
640888252,5416727
723912702,7459270
3834136,641
14934985,1297
1173900882,12246
803387832,13704
102333190,1191615
1054523012,67655
92085596,12526496
497423332,116523
974532992,93205602
3971693,901
106992202,4027889
140112619,145394
911275742,13086415
894155022,2235
1147140032,1054355
743799932,11907
145588766,511975
134654042,6902153
923495502,1020109
963105732,5654023
1098355072,12818759
647497692,13543437
127376749,10600841
450761742,168311
771486482,5175734
1159095332,7459268
1145332702,99604392
109578520,5580075
988729472,49569672
92198180,678
716477,2580
13158212,6207
826264812,5313805
3167612,165
823097342,49557342
1226752592,79831452
3868995,6123
3167848,27
1207950292,1088
63398622,16242
1104021682,4456001
1100800422,5947658
118190300,564
1081126742,4429712
120738998,7890062
930939562,15050015
1156701,9999
3089051,3487
780850832,65608142
1085392032,525245
901438022,10691407
137231520,577666
76557519,3469
760457472,14621667
13268699,215594
1004836822,7079287
640934412,260094
1048569782,76314052
2795618,174
562963,5369
131798460,71513
554546,6098
928291812,4699589
39393481,2148741
416053412,73018
95813354,74804
2508415,3069
962169,143
385097451,3839
103091352,16230
417711512,11063726
82492130,2519
14942130,74418
15216162,7
949342392,10673381
15026098,98985
1023753992,101081882
375184831,10602599
619586672,443
137234014,882
899744122,1107447
1226360952,13698817
585343,2579
672264442,5962948
738416302,1971601
532050,7537
793294512,455775
802283022,67244002
439067032,610266
1198248052,14240131
814851432,183821
534030132,14120191
779388942,62379
97235684,1168
628330702,4087782
15120251,3446
878015222,14359543
1126813392,5941718
18181530,158706
1139469972,9200888
1225473192,12308342
854807492,49818632
125983791,5571502
875511852,10583405
898849382,70217372
13529559,564
1198248062,14240131
106934350,5531419
110803054,157493
1089479862,4803754
97098410,1168
600108042,1191615
65444691,5846
30345891,6258
429989292,5024
1102624472,13045801
46304301,92690
460699612,10530211
2746935,152902
122106766,1191615
426572052,3905
616395772,156862
631561512,57793912
1073825242,95488192
1179773312,13645509
139138797,1450
3437034,388
451254022,1198612
507432902,10431
917907282,89778522
3508292,244597
2420855,671
629426732,10686609
69227279,1182
365260,1782
902186932,362326
395072902,12208250
15215897,7
1107311312,8706544
847353782,455775
775473082,4803174
1056401412,13755123
1086985272,388973
692779362,6043158
22098201,12942
1042593142,794505
1159257,2089
1036580022,77163
138547415,399
561686,2636
1008514082,7459270
472726342,7004075
131173718,4545845
1165077652,54247292
62375102,744
1021623522,49197872
750922302,3350
682077302,7889792
113470772,363035
8011850,429675
62724019,429675
994037852,12425688
759901342,188053
74516182,1578
638596732,73396
735363762,123503
834825542,14147611
1071476632,121584
485161872,2123701
911458022,85961552
781563052,5632
938724942,4409439
3288084,6514
803374552,2324461
953606,6603
943672982,5381354
446740842,8865120
344939021,988686
600108202,1191615
925119,564
818776722,60864502
2577955,309304
1101571062,147184
1103856972,85501872
2228165,232
1109447872,110192122
964706022,4842061
107740252,3295
2569398,613
2960919,721
824874732,14029705
1205295752,5837720
370862981,292
22797481,1939931
456076082,5175734
1234638802,8706544
1056401422,13755123
843376332,52463032
982678,1069
831917182,1176860
109228732,9155776
2794160,3467
4603400,259
477339282,4988370
565703322,99345
872006162,125372
690413272,14500889
1210713832,7961888
505197202,13327309
69627777,311820
623736352,459
525056482,7365500
695756292,271922
118424926,3881631
1132624282,15167501
843074082,1269884
3129254,3924
1015899002,14520277
1173674672,73101792
829594652,1126
13340990,5308
5181154,174
1094384952,59620692
1111298752,4775444
1012515162,9763952
639348292,4986093
1230448412,171998
422529832,13939
86034753,4956116
570905332,138
13230129,8794
486271442,275773
109169054,292185
1088359202,14658687
80563672,481163
656085712,1678285
1050353602,14060563
1218833612,3977201
608410332,10583405
594724762,4448630
106713886,4495513
737063072,7100871
1147865712,457
3826694,1379
720598972,4459894
4762041,566
12639025,776
7002954,303
772124142,666476
1175928772,4907510
57562131,315576
16186932,75001
1125808872,2323
25522321,746
725971,182
72318753,15770
124286694,8638
1136737752,1541592
7420145,381
356984281,5049074
1179774052,1191615
500099612,398521
807595222,7674918
104936008,1138351
120150030,3813
33382301,1188
773367,52
551683,11972
5480309,7140
552382312,12082994
1207464042,4521369
820227312,5452755
363046971,2708
415526082,13271373
472992712,9822974
1226752652,79831452
17561250,1569684
134568627,71513
770293952,10385666
1162460032,261065
429944892,29
676242502,314777
550610652,13918541
801054252,11203568
65377962,1651095
1173969,407
68046243,1521199
15408008,69681
966621,4186
125890435,1191615
652911892,124423
144203048,30
435821762,1188
62031177,892
78491281,5874
773871492,10803980
464306742,6661704
2527368,471
626353772,11420468
1091644542,14289
82917996,1035806
644895202,10695573
415763512,326306
608486542,379495
685294712,11386020
78631539,1865
654751692,13641829
899216542,1679838
919280782,97827
127183507,165936
439324612,413596
585608812,931
428259602,152629
974410142,3120261
122015000,186
530199471,115545
1165068052,2748
1005451,77225
994429872,5617685
354625031,66006282
853805982,632926
865507692,455775
583177662,5111084
13304704,109903
13705108,35
15489392,1147
904598162,6027822
131338248,7988742
1048489672,6666704
779464252,5804546
742697312,794505
1575269,104
6776987,378392
862648622,4542250
534533812,10969764
529900531,415
459471422,5653273
724098482,246791
803010392,9635624
515861622,389
597502422,339209
112736694,162665
1164822512,11096966
651543112,13962203
628231222,56052792
88449465,1052497
841897092,81764332
365067,13639
13523288,92588
921379,1060
1197591822,10413716
652238302,1116539
1014839522,100054202
572558912,152369
1090979302,129
136329954,363035
744524892,12829283
704138722,8058039
926479842,5542343
684390642,363035
92720102,115
13138709,145
650484022,3120261
37734441,92
61794398,3590
722126852,148026
62824280,3261971
713214292,69722842
726609422,59070642
1137703412,8909272
569246002,162665
16938311,1394174
112660698,380410
678031,52
13228436,7969
546577,458
740480272,10413716
1175345742,5508044
1140881272,67524592
1130284812,5917217
66506871,296861
105083250,445137
92098310,9112
93992370,320256
61271399,4042928
139470659,384236
918418262,61474832
774328932,58568762
81883910,4827202
1065364232,113877352
417195042,171998
1145453722,378751
10027707,72503
5400243,542
1130771872,51204222
1161009842,12526056
652332152,10156246
1157038,8397
1153274042,5607565
1231381792,77482782
15420344,9727
136637066,146952
684368412,4194160
841864562,2810121
1073804672,2691
2502468,1172
734498172,4476
401358552,517429
457299822,10246324
658675162,4390053
1304603,97629
1006151442,7068771
1029292422,2845031
4634582,12246
130837352,10914134
7226759,16805
989008322,398521
804009572,7461
564946502,11116250
443855292,13858559
493108522,1424602
548621372,6121
646771622,61302392
1099757892,67655
96014378,5175588
60842361,407188
960162092,94601742
647341012,16837
403749872,211421
1076918542,1097709
555188242,554792
438748382,102
1079668,215
131071588,1191615
4162693,88
715738622,7459268
917611282,11884111
731831772,14226477
1121707462,5542343
505638592,4545763
1121590562,11907
572801742,53064692
1049882332,11329214
799173192,49135961
424783212,8691
652380182,5542343
652167992,445119
564948682,1646314
472899622,1479842
130850546,9759672
121296156,1051960
916112,3590
129926482,148129
135439168,373917
654068302,50161102
923417962,398961
814851192,6274598
112667898,1007876
1120951162,14333907
1148426902,5962948
555237262,94843252
4233792,12436
1119712942,7270244
912341352,3126151
5169813,1127
702098402,158083
1053365752,668
135286058,10803980
5976167,126
7091374,532048
564412832,10806366
65938275,167095
532946852,1444643
559048132,11237527
2545088,180
1209912272,13817211
633358,2682
79283019,259729
1176975282,4428187
635396812,314777
667570632,4495513
1015332,73
7374034,110714
640627652,1651095
3437883,1247
986396452,1020109
101764833,1412564
716516942,58447102
1112707572,56094992
424567722,413
666457842,992197
119547216,7466992
802272532,1231
71067950,617
1009681092,58447102
14192640,1448704
53825251,183201
96484820,346329
470700302,4397349
576857922,13011
753186672,7870
119350964,9706272
972155132,4803605
979011,725
131319270,2996
884705132,55514812
822049362,10580067
1140009472,7459270
1030221,8486
814623442,4429712
65039589,1529
745782792,73265312
1157449182,4942575
402591932,5007750
132714328,1576343
545354032,4937383
2251072,267
872372562,5889518
384733691,114930
875892602,66576122
958021,4190
1159518122,15051551
678714312,13098657
576857952,13011
795727902,13816509
63135949,13545
2447559,55538
1210347682,11263720
1115166972,9041042
68515069,545
1064678022,4453455
971879152,74463
1110767312,288166
673945442,1530946
520930262,2651
728316672,9945222
790933,11907
716686,2316
357431251,12433042
127247029,1188009
1036867102,1479842
679417342,5454687
1231490422,6358380
1149931702,15055
830962322,762
1200471662,54330242
720599082,4459894
1051899172,50248372
449874172,6523261
879797622,66582
398428062,3265001
13100200,1245
1010553942,1000798
97615912,819811
1114793412,14621667
482986872,9064930
144392604,644
1022472322,85671
13651712,384236
428251662,1212692
355740191,1429841
13500402,261213
626419,745
1043337,7531
94400936,1208
684653402,12637039
6184650,5273859
76774971,72401
716523302,1592801
887191132,1896
678320932,1578
143466450,1113629
1006845912,8058039
1232460692,11737297
598211822,9068122
803622992,11420468
585824892,563707
1225153282,102381442
757978422,342673
3538029,133049
3518627,85766522
511062522,1188
632240822,4979472
716383902,482758
1103373462,6841555
89629797,59
1207072622,467850
1148388972,4542250
932661612,11363014
356984261,5049074
1180185092,1191615
585604442,931
112662272,288166
1056459872,505231
933155,4212
4621436,4664
3058870,5007
77019569,6690
943927912,121584
912039,167095
88448639,5576810
136336354,75087
1056537312,5012791
1080726332,4789188
1125596452,16878
1131546772,1412711
881130312,81233
907963542,1032
13140214,102
782748932,4860761
1036976762,12710203
56892371,15055
51546771,14000
583950652,53956522
137260124,1412564
100838026,7662618
1197646222,118885792
1157010572,4456001
69419038,1424821
929199652,158706
712851592,5021603
702417,66801
769551042,1107447
850870082,73691792
498386892,1362735
682489102,8426034
1127301412,3881631
976074582,50606892
1113719962,162540
395899672,315082
126534873,182
368700061,103369
813109962,159449
2954659,2664
92089014,3196
142752898,9635624
12340820,632926
977713132,5454687
364957381,160
8016406,240
95965912,564
3114892,2961
568873982,183727
511387222,1000956
857812432,8208130
731777522,13631667
953219812,13124535
922064,1439
1061216462,10510627
606997572,9539088
13459042,412
1016968462,14456487
631209412,14621667
85283042,122045
633115842,52182182
3160142,144227
1133408872,1154
101764813,1412564
797353652,1575905
126400995,8850904
1214352022,83322832
112713970,1651095
732445,1878
1213310082,4999707
130898990,5895828
57358381,1021587
1230248502,45663272
701278212,10305756
1014239352,9851798
124550860,378294
485228842,6511779
1172970082,116355752
951867032,7650170
370426041,5531258
1175928792,4907510
635324632,10668131
612603582,8705
1129035072,243985
777774082,60552072
440830922,252382
3164701,2512
1155477912,651457
71608519,6
567091822,5059044
118585342,30
106095126,4429712
108710816,1023
1196471722,5200697
93544824,1262822
137206346,472089
419884452,7608832
576179052,66952022
1148414622,12816021
490992292,5253410
628305852,2697
1056401552,13755123
805850,632
1208745662,4935345
681675512,12215016
1196042692,118708902
1200430692,70217372
788971342,6998083
1157397292,6311268
1179773262,13645509
77749339,72503
694749462,1352049
13132590,14713
717237022,4338602
879845172,13442451
487484282,248
1031567822,7836264
1143833112,10032770
1161177882,72068
1101089912,997
478396982,1591785
1097009002,14240131
347138881,175045
8086130,75798
1082303132,406623
119849600,7068771
4209649,1890
15175385,135
1024619542,1007876
135411258,3881631
1215136672,79012622
12493517,496076
2205002,198
1180062092,5918943
347363781,163
775797152,13205705
1224729162,259729
921753922,9916160
5908199,143001
520653742,183716
1177824732,57854322
93764888,5863
1161009762,12526056
1165082282,192742
102333194,1191615
3538899,4939
2464505,149825
625851,1385
1182297832,479
976041392,12520050
763123442,61474832
1044199462,1395300
874754762,8901032
1100120552,103499242
4216277,776
1222466592,1424602
545314012,254940
348747291,11138514
134036212,186
453729482,13641829
740508642,48605082
1137379672,71513
563779452,63683132
1210665702,13167635
1198248082,14240131
989307122,13923487
136663194,11415270
13040252,12178
1029267872,13194249
1216923372,80058152
1233692612,256080
863512072,14240131
1100800482,5947658
1124841682,8706544
1062199522,1186692
1159237162,13268171
1213293182,59940712
1095835882,5114288
1173900922,12246
674444,12358
1094358882,14718361
565481742,1264091
2296197,805
994778332,4986771
421044452,3770
797498982,7194130
710206212,158083
1081785352,4134443
4969005,849
4267784,3251
105267250,2812
1121729752,5542343
964375102,275975
78519727,337412
1176975402,4428187
1041922102,5237400
4603407,259
82492118,2519
3010590,4624126
938523142,327360
355295151,3695081
859096922,9884966
1185987322,384236
1209293252,1110556
552710922,4510875
887377782,7365500
1081221752,1164946
110613461,14546
2575685,153394
141209029,16989
75345374,1854931
922213,2235
550329152,10691407
1088365002,7295394
685843722,434
1197901592,13658563
2947342,897
661556512,810
431637722,9999412
1143781052,6967683
102001855,508796
96166506,520014
66730259,5828
1031672082,65501912
564088712,419254
13185277,77000
675871962,182439
405527252,670
708542932,13015249
1188062302,107010802
925361992,1424602
1152608812,1008822
955423,1309
1193051242,6196896
205224,54303
966567232,61474832
115681530,5231388
936617182,88131642
602442682,49914012
110152044,4103408
938978872,10149178
1052674372,69708032
825399112,144068
131590774,1581
15609201,11552
1028256512,13878655
814623102,4429712
1006743522,53345732
127063153,10530371
136331746,13584
4952963,849
558769,9985
1192654142,9030084
845283142,82223652
417327402,13056831
15393735,449011
3104707,1866
599964902,9822974
1003936472,5910045
125538518,469683
1144551412,1018754
5422294,5644
79385563,3723
1174271932,116338132
621314462,13645509
1179419212,4868195
776125232,4889156
910260102,65244
130495956,311820
1082463492,12817285
379823751,5894370
15557208,753
1095648,114
5528232,13442
757172782,314830
62812946,1591399
920364392,5849589
130113905,16398
788779122,66267192
545551722,48634472
104302502,1430604
1179773622,14447309
548673,423
78074218,157319
1214291092,116224422
2463340,8686
110955780,1424602
673137392,14739709
993593402,4803754
92720046,115
886454,1861
1015298132,144227
985985832,927
1204630642,1541592
132479816,15887
78631087,848
1196229742,117172162
1179774062,1191615
694749092,1352049
718909752,54993632
960695102,47
3055974,4415115
1096483222,12336526
720169212,14539467
6469785,264414
984709722,309680
1180409672,402055
1091009182,7140
354793971,115959
134276584,15788
1146559512,4023522
13793526,821
691745912,3618691
3246318,457744
3128004,1049
1040154542,2489131
1225758682,4050205
797228492,5578942
627431,198
1173016562,84292982
134525904,75491
655442252,68294032
1147954842,258846
416514812,1576343
398493072,4405368
79875048,384236
64848628,700
69964809,598
687838152,10104154
1081672842,52941522
91066259,4718868
998454652,5055616
647354242,59302302
18111113,12524
689941872,52408262
703842302,999832
16149104,1534406
599964892,9822974
13265478,269973
473579982,345055
95991172,16230
81433364,98095
3332732,4720
1101118,1154
61064536,458
404209872,10726405
435821682,416239
841922302,288567
1077039172,8123405
435175532,80381
921429592,373974
1131679972,529
1177683872,1062083
4619462,1020109
654827822,4907510
1188536962,11884111
3169920,214919
104656854,320165
631468682,11388952
1122874052,15887
89735917,545
1176889702,158083
96073982,807151
104797220,17283
1146381962,10452069
414838232,259467
816233072,1164295
81102816,99345
4162078,64333
1709394,8804
773625752,12986853
730011142,4604630
961593292,10620
4624795,14044
137135438,10156246
117726056,1473902
1318338,8765
1240808362,114951
989610392,8442844
88936747,12178
1200392352,90256342
907354022,15063429
1006574352,107292962
1137881212,115
949175612,5353505
1067760802,10935332
3089671,892
763124202,1846
1089479802,4803754
555656212,4453455
629284,185
1097278082,6705395
1081126752,49569672
603617842,8676960
1165061802,1529
668795742,1026
72933079,280294
774810042,4509
3360824,1306
883652,2468
933358862,11063118
694625272,15320551
1078857,74640
846226,8127
1175055202,12551950
668171962,200356
948836582,3469
910945342,1191615
63391733,87112892
15587465,35
603384612,1058962
7120489,1120
67993646,1407280
834927052,61145262
66125257,8506054
662666,293
75766534,255560
883649,2468
1180796042,78492462
563077282,9096522
629899822,1562681
1016709612,8185084
655095962,9635624
1122649272,61474832
1220056622,1291303
685828362,14691
1053765332,12246
626641332,1678285
1043031832,66062032
1069763742,51851552
689022902,66721922
3120682,3
536420982,4495513
4472204,1522008
2802721,644
813293192,64374872
26363701,1546753
735363712,123503
975414192,13576
1225523612,242132
454682372,13025953
584289932,288252
836932812,73228892
1006092752,2154
1129491192,10633657
435175472,13651523
420345002,71167
349369681,1488391
7928544,369408
1154943392,7703718
1230423102,53383842
899977542,10844726
770961752,5883018
424500592,111965
139138787,1450
1156156312,10659555
537427582,11242224
794948562,67905592
1086529962,74463
665739832,5569223
70266758,293585
1198617212,116431
810583022,13471701
738916502,72527872
769768842,80543
75562248,4856048
72064735,670
1137703312,8909272
1121563292,80978422
637607632,13923487
524912172,102865
1063281452,5326126
905171302,8253344
550610632,13918541
1088110542,7004075
1170998212,61474832
1071011602,14677987
426703682,210
538660022,637
90563095,339209
1136913492,125372
824336002,5292512
95688368,5868765
2425690,640
38442421,743
4253416,10574
1031077702,5512457
830571,191
985275562,98102662
71645436,144227
552654042,1194587
144618808,10189104
61043339,641
1062394982,4561159
1235180982,4438831
668823962,1026
1213012512,14588939
949666282,358274
62376291,564
12651370,95768
369711491,390
758417242,6049954
563655042,1401730
135373112,5992092
1121729772,5542343
124067048,54284
5608338,352336
853425992,5833270
922666602,7630030
698264572,5865577
1214690202,85699122
986429812,10695573
411797872,9602094
1068990962,1154734
2178582,1060
1134018462,9140762
576851262,8909272
724098492,246791
373746241,399
364268001,1424602
4188500,14894
925246,75511
574815432,1438362
1141677,66
1032411022,102622362
125649990,393
1089479832,4803754
133385172,11135886
1218186792,390
506685322,4975
1138360342,115
862784002,63681052
682850052,14047659
1227749402,171998
910134102,86621382
828897142,8706544
3776150,259767
368182091,89
480864812,9598344
854914322,13
71966534,4944278
1138534952,2063721
70800126,2393
70444937,12874
1129583732,4611283
694096492,4570630
108733466,664
2264730,1020109
572744912,14240131
1032201692,1545533
67820610,99563
10287365,9039
887078702,61271262
67571564,10536
139438489,469713
488002132,4085316
986516002,494525
1109565382,65459982
14464338,3198
741599232,14917155
115645662,57521
766187412,123685
702210052,7068753
767156102,7815200
113876568,282118
846274462,173713
74699074,1595755
1016251,1222
1195758962,14532191
553193312,362326
493671362,2845
1053377202,1424602
986939372,92319522
1111399092,11104176
1171163,413
99976974,647650
29093801,248102
7163393,174087
966976942,399572
415915162,3839
1579474,763
1038490,4088
1139874522,4476
1139120212,15691
1214303262,114750712
1559878,6542
752620542,73819192
594475352,10583405
1120618752,6701127
1047226812,74702352
367411991,8857828
65356224,1147
594046392,49392262
880380312,9550256
1049999812,5593078
1198481652,139079
2702363,4570
833966,1117
935033252,14854891
861868342,3638541
733720342,664
454189962,5168049
947101522,411572
42290581,3035321
628716052,1204609
819905832,419254
2329884,1060
1176975272,4428187
3658311,2519
2314471,166
409961942,66096
3105905,698
109705106,4331
2337961,147184
106934314,16599
971478772,1436111
709965652,12763567
13304053,15055
1062497,1782
612367922,56867162
558958992,722
84882921,1448219
1083359012,9197980
1111794,38
628784482,58957632
1020023152,92773
560212202,5918943
513132152,6982223
354918041,9197980
1190110632,116776302
608710472,1308
704545092,14107147
135552886,1937491
142835538,165930
717436802,468724
649768322,488613
123613316,323520
533609232,246791
102289808,5180
131312396,2996
882931,4509
456076072,5175734
1201837092,3881631
1118497762,5542343
94198270,127529
72985178,93674
676287942,265841
930232112,16124
486545642,152306
392873622,7682828
10434104,14803
1117579482,12431462
1169623522,10102172
938640122,12948083
956716712,10583405
956670142,76004
699567782,1541592
71645431,144227
824998902,158710
860976372,567229
732036302,52477472
1134789772,5895828
737940742,1479842
700950242,4842061
70046739,12807
457666942,1352649
4587261,163
971498172,282417
1039090932,53808162
74611487,5491190
835288512,71146032
1199079202,1660131
1217186012,12218918
956499172,9708982
921104532,1020109
1174603092,75798
1115044,36
14954272,3
853219432,4448630
105281818,1676
664750372,4039193
681587342,5427519
126884459,647650
782121182,1321551
134982072,482
871124582,14107147
405397652,6982223
630683802,7068771
4108060,1820
1137763682,4950687
112659832,14578
1118050452,1097709
397344472,765
764339162,4476139
7408626,1554
65440045,77057
1161752782,4050205
1114852032,59620692
108055722,409796
96461616,308
1151534112,12436
1173600232,8498624
743102012,10611
981095172,92773
1155477822,10583405
1226096602,121629912
2447443,105
650484042,3120261
135527558,11198230
14299589,892
538073242,4782275
722078382,689
851870052,5382747
675600272,542
886301,26
1134675802,3120261
725374732,9796556
761653242,794548
836276712,183716
925106,564
105710536,12039
1179773632,14447309
1188537132,11884111
1204512902,211084
360301991,5313805
85538490,14894
1164227882,98415602
430264292,6589910
463936612,123503
936615232,6705395
1159574012,12526056
88003855,848
1093450132,11651043
1206013672,61474832
619949882,3839
542335432,12178
72717420,4429712
671441262,2797161
404809382,11847281
881109182,65003
2518036,21
652911842,124423
3144730,4549612
667137782,11340750
995087232,5416727
611467732,13204
659532922,1560
4110654,796
71543834,15157
681298312,912
904407972,3626381
682072712,13098657
135386138,17076
350000421,7099473
911042452,11027656
899524782,1744
901067,69171
646717932,10920742
811117432,5876247
2287063,11906
967131332,12920049
434591542,390
136074338,1717781
125089724,259729
140883151,393173
98544116,1590752
2121038,2605
1068521642,83098052
1089480022,4803754
1117748052,70011
10284909,6404
4763165,259
13277557,4822547
775951472,12487862
1189912432,13641693
617562462,2784451
411598242,12516376
78479821,7687
933965192,14814377
1216422182,6993009
114438556,1412564
1101865142,5576810
72787799,10226
1176211,13
139293783,1644275
3151232,189
623700222,472399
916851942,3126151
3087499,495
1153021952,1364450
546437002,6047276
1157010512,4456001
15781392,525643
858147572,9591608
1221133192,259455
1165260,9662
911819102,4105259
1116402672,4429712
1156468402,110926322
882365882,4510044
1081430402,4790763
10287067,566
918418082,61474832
676159,92
606652302,4604190
1109737,13
1231288002,61799192
1047151572,8706544
486676512,5148954
2162742,163
1059265772,4792609
1044802582,4485154
3113254,6137
547000982,4023522
498130042,1188
647165832,13704
913407012,11886369
1093081862,63940462
797228502,5578942
821341082,1285
1083359062,9197980
910662392,5857
462224792,13200837
417557272,8928996
716516992,58447102
525056342,7365500
1178264952,96292152
114313206,1191615
1177800012,10286020
3144776,8691
13340371,206348
1015907232,65303292
1234638732,8706544
412058962,1744
438891342,498918
427622412,86149102
73277324,16808
1166633552,114480622
1133172022,113625
942599822,12341298
17135108,144227
608593,7361
409019082,9840654
428736202,10891
118190298,564
1174683002,116532872
546253942,16644
901479352,14860929
627438,198
371988521,1590752
851311772,49634222
116866548,402
726605442,51464362
365736101,5508027
145471600,762
3232312,53602742
700252012,15065941
2455091,145
4255660,149264
1164808052,1211251
848695072,166
755405702,1188
95253858,10788
548348612,13
6030261,131935
2157915,7543
62891821,4115
678385212,13046613
1040966072,4747778
1107603642,4087782
726272272,10919746
821532022,4876653
1117143802,5962948
1114887622,12977933
871687702,96756
410028982,7829130
1040169402,12379688
525343612,1547598
465522642,1181430
1123798872,109455142
1049933,1775
1049088382,55695412
566362692,316920
477950962,860
62847150,542
3394678,74478
1182906442,390
507140152,71753152
3443744,64846
124933880,1019979
77408420,2337
74126483,5466281
1155591192,14613391
631701382,59620692
129406798,1435373
742640832,89174732
404203672,290
61929658,848
7408923,1070
376014071,4032
14500375,182
1583159,719
1123836942,54330242
770739312,14980207
608263822,13616405
1206013682,61474832
5093787,1168
1059467372,12324494
130863712,4407
511821522,4086
60814473,413596
774466382,61498882
860910292,10489199
463406222,377827
1161009792,12526056
628266,9
430243542,10844726
686651832,73396
137725965,5488173
871755952,10536601
2466262,228
1017966582,375211
998792882,214906
565501672,6501083
693687292,3830821
1170020032,11163952
1176975322,4428187
128550081,615238
1022169442,265175
857033492,62312932
6414665,179798
132434634,1191615
1036867052,1479842
576851212,8909272
4286053,185473
1000055232,12452734
86400951,656
741876172,4521369
1230141302,89657
144385550,4512147
412210512,5868765
72268697,12038
1009700502,11289472
5438978,74357
7624051,1501881
1129251122,13962203
17135112,144227
2290028,8704
1035679382,12526056
428044552,988947
659611062,11420468
656835682,12919475
920776482,12779993
3749789,1079
1209679412,4416801
513360602,9496508
435303972,5767206
1142380132,12029862
351594981,5962948
70540904,1846
2428799,176
364957431,160
62932961,887565
84791737,5062414
61775392,16353
1226021602,10519937
745651142,5518450
457305372,4794268
959060772,873890
142344009,15476
394511162,10218968
711242252,2210981
1225298162,50633822
576822222,13011
581410462,10189104
1137560502,3126151
1160713972,114971182
586899452,4895
123336980,1037707
636222,248
142335703,471066
698521262,4937383
687546992,9134324
121672886,1560
1036867012,1479842
770741222,4108232
13323916,1373920
131742260,873890
1139537482,15166511
1103565282,109617692
136889434,4050205
1153162602,4606572
1173901022,12246
5484102,1452
986718832,48605082
1051926872,104072262
1082394722,11420468
123883254,12178
4703137,4917
134946152,7090
3457611,243657
1197747332,118897782
81924820,6208668
753196782,4611283
437930352,9822974
985795462,13878655
72760029,714
624011192,13620367
13620425,1416434
1198693172,352336
515170252,10806366
144445668,1497293
84382635,4103408
1166143702,58585
456849302,12949925
71353276,12515492
13534563,1412268
1222495532,1541592
4096572,1435
69295402,102
1080221262,5832280
694749772,1352049
645003122,13882529
1189202982,5531258
75212314,2518
500180822,6982223
1013432442,434
902078932,4811160
516351532,402
1212964872,12461194
107980710,3469
776076782,4698748
7674865,4527
1129888222,849
1103785902,5833376
3412893,8691
565609502,3469
1101595212,85679312
797769542,9930130
1177379302,5380664
12901257,167095
633724952,90888
483269012,14506975
575880382,78074
956716692,10583405
1125115422,4611283
79589178,160
665962072,2059
943673022,493
977948,2310
16433499,3098
1056401452,13755123
89735913,545
61794408,3590
857805622,74804
1006084272,1018
1151063222,47
943265642,10201844
6821406,75156
3129407,14
6957659,432809
429974992,4803754
2710114,157687
78749541,1038
1215124362,6994827
992420332,90546892
833837092,14982511
1194024652,250495
397984062,8675
681297922,59936352
1204678012,9761322
760457482,14621667
1560990,77694
786340042,5877213
15154413,1373920
1162967492,13962203
117005132,464921
847653722,3126151
139821145,11681625
1004862492,49566562
832632672,1120568
541966582,4592596
552572702,352176
3611381,373
116684378,9614866
1229939812,4453455
89359729,6762519
1145593552,12948083
1097366382,5962948
1107414892,74463
1227701552,62312932
371593491,181878
2925009,89
668156542,4429712
1015837742,53759312
2183532,4678
1106906022,121584
422278062,495845
863217912,1429841
994723862,1473902
1224666432,292185
1121549052,290293
993913,1063
67238732,27
966936262,3469
769458802,69659
834585512,1199471
705199512,84958462
1144217462,12436
1158157222,114959262
936771882,614223
992502222,13534745
1161181232,9930130
1156398792,7079289
1217177472,119611832
92881988,64704
391949082,1611773
704071552,2799
479801652,5542343
1097038292,1404561
1059203032,409796
803321772,75289
614740222,4618827
143227334,56333
111008646,1262849
533296142,4699
61789797,190684
23871891,321789
765857372,14456487
1134789782,5895828
387596061,4244787
1151489402,12436
883265322,85928092
1233692572,256080
562148732,4803754
434174662,1481576
72064788,670
1200222792,49501862
128956294,468920
354165841,66006282
673832662,6478
14135570,67644
732001812,12436
614709,44
126367899,3117
70335739,1626
2059633,100155
1075397932,441183
66697871,1453
945411,652
14918718,259602
677316892,123685
794780372,58801
94488784,8
379833431,4876653
75104469,5533310
96861532,1999
383888091,240336
124996686,1562681
921291772,6511779
875828482,13364239
504313072,884659
14926925,211084
1081355922,259462
846488302,2252591
1166041532,4855048
629899852,1562681
1227557112,7855452
925350542,1429841
576822352,13011
136889406,4050205
912476,163
1096544172,108867952
1113674282,110647942
643810042,13086779
1082668722,1262822
10042884,3
710632412,17281
71694882,293378
7375556,1020109
1087618702,13184299
77913357,314749
740380332,6432
1039245482,8658120
705977122,107564
370426001,5531258
75672709,4334
71205810,4976
635324602,10668131
865711302,7961888
1152434602,10185442
1154072662,1585698
741941342,72895262
1147178142,13828747
1157006882,4039193
142341499,4591480
88252793,183821
1099354772,10632397
621956032,72038
1221866652,985302
89735919,545
103052662,134790
14566880,141721
873342422,544
665504292,324415
4670273,564
1183661482,7068771
4091858,1444
1216945202,9635624
1209340202,105852992
1132799812,249599
114388340,2798
418918902,5332701
546097742,282118
2138961,60268
135404220,1270276
627860572,206634
65938271,167095
1226038742,14626539
981095242,92773
579936282,17143
781466402,1576343
383834641,11591429
736041492,9719682
3582295,142381
705582522,3334
930939542,15050015
1027635682,14194523
12958002,1384832
123338124,89192
1090634,1192
672041972,5237400
454627402,15887
1165417332,12082994
366148521,9197980
125140894,8675
94664190,515697
943515902,2531001
925151662,796
1018099182,1760
3297003,21
1159617832,84292982
555274642,5423737
579916322,9030084
576851222,8909272
7635049,102
1088241442,4429712
1048570032,61145262
1015850422,60597732
1098502502,63425342
3105007,14364
473867452,4380210
716493462,1037707
605059902,8403120
858942,1801
1030718072,339209
1116402622,4429712
1133632222,367387
899601892,8629022
497467202,10002824
886766742,62607362
1102431122,109509842
821084772,65753
121388846,92785
451670792,144227
1161009772,12526056
1179773242,13645509
919374,896
7300948,776
878299942,80681022
1078497222,52937632
72575955,293767
13503485,1389971
1199689352,7569500
1015793062,15216967
70079770,313
7706008,1020109
652224392,12986853
571869742,1564
911712382,8706544
78374769,5858337
1222495562,1541592
134533222,3469
857225002,2830
135962848,276228
766844872,1034376
848558532,211084
134533216,3469
647894892,7068753
3065837,91244
662859662,4854506
142749990,1180218
642991352,14447309
804210912,3892
813352752,8778868
6592709,3106
1143770922,1244602
13786047,1297
426048012,10806366
3098217,212
1035879922,82875232
393909812,7587
564573382,11933635
92983374,4500171
649478152,55220102
104329634,848
869941882,10189104
625331742,95044
